4
 0.2949
 0.3178
 0.3902
 5
 0.2080
 0.2690
 0.4103
 6
 0.1817
 0.2808
 0.4451
 7
 0.1848
 0.3070
 0.4680
 8
 0.2018
 0.3314
 0.4912
 9
 0.2210
 0.3544
 0.5121
 10
 0.2408
 0.3759
 0.5311
 11
 0.2598
 0.3957
 0.5482
 12
 0.2778
 0.4140
 0.5638
 13
 0.2949
 0.4309
 0.5778
 14
 0.3112
 0.4466
 0.5908
 15
 0.3266
 0.4611
 0.6027
 16
 0.3413
 0.4746
 0.6137
 17
 0.3550
 0.4872
 0.6237
 18
 0.3684
 0.4989
 0.6330
 19
 0.3809
 0.5100
 0.6417
 20
 0.3925
 0.5203
 0.6498
 21
 0.4037
 0.5301
 0.6574
 22
 0.4142
 0.5393
 0.6645
 23
 0.4241
 0.5479
 0.6713
 24
 0.4334
 0.5562
 0.6776
 25
 0.4423
 0.5639
 0.6836
 26
 0.4509
 0.5713
 0.6893
 27
 0.4591
 0.5784
 0.6946
 28
 0.4670
 0.5850
 0.6996
 29
 0.4748
 0.5915
 0.7046
 30
 0.4822
 0.5975
 0.7091
 31
 0.4895
 0.6034
 0.7136
 32
 0.4963
 0.6089
 0.7177
 33
 0.5027
 0.6141
 0.7216
 34
 0.5090
 0.6193
 0.7256
 35
 0.5150
 0.6242
 0.7292
 36
 0.5208
 0.6290
 0.7328
 37
 0.5265
 0.6337
 0.7363
 38
 0.5319
 0.6381
 0.7396
 39
 0.5373
 0.6425
 0.7429
 40
 0.5425
 0.6467
 0.7461
 41
 0.5475
 0.6508
 0.7491
 42
 0.5524
 0.6548
 0.7521
 43
 0.5571
 0.6587
 0.7550
 44
 0.5616
 0.6622
 0.7576
 45
 0.5660
 0.6659
 0.7603
 46
 0.5701
 0.6693
 0.7628
 47
 0.5743
 0.6727
 0.7653
 48
 0.5781
 0.6757
 0.7676
 49
 0.5817
 0.6787
 0.7698
 50
 0.6853
 0.6814
 0.7718
 51
 0.6887
 0.6842
 0.7739
 52
 0.5992
 0.6869
 0.7759
 53
 0.5955
 0.6896
 0.7779
 54
 0.5989
 0.6924
 0.7799
 55
 0.6020
 0.6949
 0.7817
 56
 0.6051
 0.6974
 0.7836
 57
 0.6083
 0.6999
 0.7853
 58
 0.6114
 0.7034
 0.7872
 59
 0.6145
 0.7049
 0.7891
 60
 0.6174
 0.7071
 0.7906